100 100
3454.67 -2.5284 15.6 3.79259 0 0 1.6 0 0 -9 -1.88571 0 57.2444 0 0 9.61358 -1.66667 -46.8 56 -6.4 16 0 241.92 18 -4.85587 -11.3778 -0.766667 -12 0 0.31746 0 0 0 -4.48 0 -4.01829 0 -2.88 0 -16 0 -70.576 0 -2.13333 0 0 0 1.28 16 0 3.2 -3.84 -2.84444 -8 -8.71111 -16.128 -11.52 -4.26667 -20.8381 -3.84 0 0 0 4.08889 -7.73333 0 -0.571429 0 -0.642857 -14.5867 -4 48.384 -3.79259 0 -86.4 0 70.4 -17.0667 -2.13333 0 0 -7.2 0 0 2.56 0 -8 4.32 -5.33333 0.711111 0 0 0.967901 0 -16 0 4.51667 20.25 1.86667 32 
0 1 0 0 0 0 0 0 0 0 0 0 0 0 0 0 0 0 0.142857 0 0 0 0 0 0 0 0 0 0 -0.625 0 0 0 0 0 0 0 0 0 0 0 0 0 0 0 -0.5 0 0 0 -0.5 0 0 0 0 0 0 0 0 1.75 0 0 0 0 0 0 0 0 0 0 0 0 0 0 0 1 0 0 0 0 0 0 0 1 0 0 0 0 0 0 0 0 -0.5 0 0 0 0 0 0.25 0 0 
-1029.07 0.702332 1.16667 -1.0535 0 2 -0.444444 0 0.1 0 -0.484127 0 -15.9012 0 0 -1.61599 0 -3.5 0 1.77778 -0.2 0 -114.311 0 1.06314 2.88272 0.864253 105 0 -1.19048 0 -1.23457 0 1.24444 0 -0.36 -1.20467e-19 0.8 0 0 0 16.46 0 -0.657407 0 0 0.396825 -0.355556 0 0 -0.888889 1.42381 0.790123 0 2.88272 7.54667 4.2 1.18519 -0.724868 1.06667 0 0 0 -1.1358 1.77778 0 2.14286 0 2.41071 -0.507407 0 -22.64 2.96091 -0.462963 24 0 4.66667 4.32407 -0.657407 0.5 0.694444 2 0 0.833333 -0.711111 0 0 -1.60179 0 17.8025 0 0 -0.320302 0 0 0 -1.6584 0.25 -0.144444 -8.88889 
-360 -0.666667 12.5333 1 0 -0.964286 0 0 0 0 5.14286 -0.9 0 0 0 10.1852 0 -37.6 0 0 0 0 78.75 0 0 -1.33333 9 216 0 -5.71429 0 0 0 0 0 0 -8.88889 0 0 0 0 -59.625 0 0 0 0 1.90476 0 0 0 0 1.71429 0 0 -1.33333 -5.25 -3.75 -1.125 0 0 0 0 0 0 0 0 10.2857 0 11.5714 0 0 15.75 -0.444444 -4.47222 0 0 50.1333 -2 0 0 3.33333 0 0 4 0 0 0 -1.92857 0 -8.67857 0 0 0.148148 0 0 0 -3.375 0 0 0 
45 0 0.04 0 1 0 0.571429 0 0.09375 0 0 -1.71429 0.75 -9.44643 0 -0.279218 0 -0.12 0 0 -0.5 0 34.9429 0 0 0.37037 0.08125 0.832653 0 -0.31746 0 0 0 0 0.166667 0 0 -1.02857 0 0 0 -10.6829 0 0 0 0 0 0 0 0 0 -0.6 0 0.833333 0.37037 -2.52 -1.8 0 -0.946429 0 0 0 0 -1.875 -0.861111 -0.857143 0.571429 0 0.642857 -0.75 0 6.98857 0.123457 0 0.5 0 0.16 0.555556 0 0 0 0 0 0 0.914286 0 0 0.675 0 -1.5 0 0 -0.0411523 0 0 -0.5 -0.025 0 0.922222 0 
0 0 0 0 0 1 0 0 0 0 0 0 0 -0.535714 -0.46875 -1.71429 0 0 0 0 0 0 -7.5 0 0 0 -1.71429 0 0 0 1.55357 0 0 0 0 0 1.66667 0 0 0 0 2.25 0 0.5 0 0 0 0 0 0 0 0 0 0 0 0.5 0 0 0.306122 0 0 -0.375 0 0 0 0 0 0 0 0.214286 0 -1.5 0 0.416667 0 0 0 0 0.5 0 -0.625 0 0 0 0 0 0 0 -0.0535714 9 0 0 0 0 0 0 0.857143 0 0 0 
0 0 0 0 0 0 1 0 0 0 0 -3 0 -1 0 0 0 0 0 0 0 0 -5 0 0 0 0 -0.642857 0 -0.555556 0 0 0 0 0 0 0 -1.8 0 0 0 1.5 0 0 0 0 0 0 0 0 0 0 0 0 0 0 0 0 0 0 0 0 0 0 0 -1.5 1 0 1.125 0 0 -1 0 0 0 0 0 0 0 0 0 0 0 0 1.6 0 0 0 0 0 0 0 0 0 0 0 0 0 0 0 
901.6 -0.663704 4.2 0.995556 0 0 0.42 1 0 0 -0.42 -0.2 15.0267 -0.4 0 2.65481 0 -12.6 0 -1.68 0 0 212.704 0 -1.27467 -2.98667 -0.07 -0.257143 0 0.208333 0 0 0 -1.176 0.625 -0.6048 0 -0.756 0 0 0 -63.8112 0 -0.56 0 0 0 0.336 0 0 0.84 -3.408 -0.746667 0 -2.98667 -14.3136 -10.224 -1.12 0.28 -1.008 0 0 0 1.07333 -5.68 -0.6 -0.375 0 -0.421875 0.196 0 42.5408 -0.745556 0 -22.68 -0.5 16.8 -4.33 -0.56 0 0 -1.89 0 0 0.672 0 0 3.834 0 0.186667 0 0 0.331852 0 3.33333 0 1.12 0 2.095 8.4 
-7.5 0 -0.00666667 0 -0.166667 0 -0.0952381 0 0.984375 0 0 0.285714 -0.125 1.5744 0 0.0465364 0 0.02 0 0 0.0833333 0 -5.82381 0 0 -0.0617284 -0.0135417 -0.138776 0 0.0529101 0 0 0 0 -0.0277778 0 0 0.171429 0 0 0 1.78048 0 0 0 0 0 0 0 0 0 0.1 0 -0.138889 -0.0617284 0.42 0.3 0 0.157738 0 0 0 0 0.3125 0.143519 0.142857 -0.0952381 0 -0.107143 0.125 0 -1.16476 -0.0205761 0 -0.0833333 0 -0.0266667 -0.0925926 0 0 0 0 0 0 -0.152381 0 0 -0.1125 0 0.25 0 0 0.00685871 0 0 0.0833333 0.00416667 0 -0.153704 0 
-1773.44 1.2963 0.0887773 -1.94444 0 2.95312 -0.820313 0 1.28516 1 -0.523003 1.28194 -28.0681 0.718981 1.25 -3.54737 0 -0.16911 -0.984375 3.28125 -2.57031 0 -106.591 0 2.0461 5.61762 1.35208 155.422 -0.39375 -2.5543 0 -1.82292 0.875 2.29688 0 -0.437062 -1.77877e-19 2.72656 0 0 -0.05625 4.54854 0 -0.751953 0 0 -0.213715 -0.559028 0 0 -1.64063 0.798594 1.45833 -0.55125 5.80137 7.08115 -0.496725 3.0625 -6.05469 1.7325 -0.875 0 0 -2.82552 -1.09812 0.422222 4.59774 0 3.62207 -4.23828 0 -20.2814 4.82567 -0.683594 44.5047 0 0.906359 8.13477 -0.751953 0.738281 1.02539 3.69141 0 1.23047 -1.3125 -0.125 0 -0.898418 0.590625 25.6302 0.70625 0.166667 -0.644597 -0.1125 0 -2.275 -3.78554 -1.88086 3.91103 -16.4063 
616.222 7.11111 84.037 -10.6667 0 0 0 0 0 5.0625 1 0 10.2704 -46.375 -7.23214 105.046 0 -252.111 -31.5 0.642857 -9 0 -917.389 -10.125 0.125 0 105.046 2521.11 0 -1.11111 31.5 0 0 0 1 1.92429 0 0 0 8.98611 0 -144.969 0 0 0 0 1.75 -0.5625 -9 0 0 0 8 0 0 58.8259 42.0185 6.9375 25.1735 -4.11429 0 0 -28 -26 0 0 2 0 2.25 17.6214 10.25 -183.478 0 0 0 0 336.148 0 0 0 0 0 0 0 0 0 4.5 -0.111111 3 -20.8 0 0 0 0 9 0 -59.4606 -11.3906 0 -3.21429 
-751.333 0.553086 -3.5 -0.82963 0 0 -0.35 0 0 0 0.35 1 -12.5222 0.333333 0 -2.21235 0 10.5 0 1.4 0 0 -51.2533 0 1.06222 2.48889 0.0583333 0.214286 0 0 0 0 0 0.98 0 0.504 0 0.63 0 0 0 15.376 0 0.466667 0 0 0 -0.28 0 0 -0.7 0.84 0.622222 0 2.48889 3.528 2.52 0.933333 -0.233333 0.84 0 0 0 -0.894444 1.4 0.5 0 0 0 -0.163333 0 -10.2507 0.82963 0 18.9 0 -14 3.73333 0.466667 0 0 1.575 0 0 -0.56 0 0 -0.945 0 -0.155556 0 0 -0.276543 0 0 0 -0.933333 0 -0.35 -7 
-1390.32 0.554184 1.35034 -0.831276 0 0.555556 -0.444444 0.37037 19.2778 0.291667 -0.484127 3.2 -21.9221 1.06667 0.128968 3.74086 0 -4.05102 0 1.73611 0.333333 0 -107.403 -0.583333 1.06091 -1.19136 -3.41419 110.821 2.25 1.10813 0 -1.23457 0 1.24444 -0.244709 0.905 -1.20467e-19 -3.1375 0 0 1.07143 13.4691 0 -4.15741 0 0 -0.436508 -0.345525 0 0 -0.888889 1.39881 0.623457 0 -4.66358 7.44167 4.125 1.02546 0.429894 1.50833 0 0 0 -1.08372 1.73611 1.6 2.14286 0 2.41071 0.300926 0 -21.2583 1.60288 -0.462963 33 0 4.73469 4.21296 -4.15741 0 0.694444 2 0 0.833333 2.78889 0 0 -1.57366 -3.375 4.84414 -0.777778 0.75 3.14318 0.642857 1.23457 0 -2.3664 -1.44792 -0.612037 -8.68056 
40 0 0 0 0 0 0 0 0 0 0 0 0.666667 1 0 0 0 0 0 0 0 0 0 0 0 0 0 0 0 0 0 0 0 0 0 0 0 0 0 0 0 0 0 0 0 0 0 0 0 0 0 0 0 0 0 0 0 0 0 0 0 0 0 -1.66667 0 0 0 0 0 0 0 0 0 0 0 0 0 0 0 0 0 0 0 0 0 0 0 0 0 -1.33333 0 0 0 0 0 0 0 0 0 0 
40 0 -0.8 0 0 0 0 0 0 0 -0.571429 0 0 0 1 -1 0 2.4 0 0 0 0 0 0 0 0 -1 -24 0 0.634921 0 0 0 0 0 0 0 0 0 0 0 4 0 0 0 0 0 0 0 0 0 0 0 0 0 0 0 0 0 0 0 0 0 0 0 0 -1.14286 0 -1.28571 0 0 0 0 0 0 0 -3.2 0 0 0 0 0 0 0 0 0 0 0 0 0 0 0 0 0 0 0 0.5 0 0 0 
-1073.33 0.790123 -5 -1.18519 0 0 -0.5 0 0 0 0.5 0 -17.8889 0 0 -2.16049 0 15 0 2 0 0 -83.1 0 1.51746 3.55556 0.0833333 0 0 0 0 0 0 1.4 0 0.72 0 0.9 0 0 0 24.93 0 0.666667 0 0 0 -0.4 0 0 -1 1.2 0.888889 0 3.55556 5.54 3.6 1.33333 -0.333333 1.2 0 0 0 -1.27778 2 0 0 0 0 -0.233333 0 -16.62 1.18519 0 27 0 -20 5.33333 0.666667 0 0 2.25 0 0 -0.8 0 0 -1.35 0 -0.222222 0 0 -0.395062 0 0 0 -1.33333 0 -0.5 -10 
0 0 0 0 0 0 0 0 0 0 0 0 0 0 0 0 1 0 0 0 0 0 0 0 0 0 0 0 0 0 0 0 0 0 0 0 0 0 0 0 0 0 0 0 0 0 0 0 0 0 0 0 0 0 0 0 0 0 0 0 0 0 0 0 0 0 0 0 0 0 0 0 0 0 0 0 0 0 0 0 0 0 0 0 0 0 0 0 0 0 0 0 0 0 0 0 0 0 0 0 
645.976 -0.239859 1.90554 0.359788 0 -0.285714 0.2 -0.190476 -8.43429 -1.275 -0.2 -1.6 6.76627 -0.533333 -0.0663265 0.323306 0 -4.71662 7 -0.778571 1.72571 0 96.7633 2.55 -0.605838 0.615873 3.64456 -2.98382 -1.15714 -1.18214 0 0 0 -0.56 0.12585 -0.638571 0 1.665 0 -2 -0.55102 -28.5567 0 1.53333 0 0 0.428571 0.154841 2 0 0.4 -0.467143 -0.269841 -1 2.73492 -4.29533 -3.0681 -0.45119 -4.46054 -0.707143 0 0 0 0.484325 -0.945238 -0.8 0 0 0 -2.32238 -0.5 19.3527 0.205291 0 -16.2 0 8.96501 -2.07619 1.53333 0 0 -0.9 0 0 -1.48 0 -1 0.525536 1.06905 -2.50397 0.4 -0.385714 -1.65388 -0.330612 -2.63492 0 0.0158163 3.40446 0.47381 3.89286 
1817.39 -1.31687 -0.0506803 1.97531 0 -3 0.833333 0 0.35 0 0.559524 0 28.4148 0 0 3.47748 0 0.152041 1 -3.33333 -0.7 0 291.347 0 -2.10053 -5.50926 -1.32416 -156.52 0.4 3.56349 0 1.85185 0 -2.33333 0 0.444 1.807e-19 -1.5 0 0 0.0571429 -59.7373 0 0.763889 0 0 1.20476 0.666667 0 0 1.66667 -2.69571 -1.48148 0.56 -8.69593 -19.072 -7.98 -2.22222 -0.944444 -1.76 0 0 0 2.12963 -3.50667 0 -4.61429 0 -3.61607 -0.661111 0 57.216 -4.83642 0.694444 -42.9 0 -0.762721 -8.26389 0.763889 -0.75 -1.04167 -3.75 0 -1.25 1.33333 0 0 3.03268 -0.6 -26.6296 -0.4 0 0.966214 0.114286 0 0 2.93204 -0.375 1.918 16.6667 
-540 0 0 0 0 0 0 0 0 0 0 0 -9 0 0.47619 -1.58025 0 0 0 1 0 0 -37.8 0 -0.00823045 1.77778 40.5 9 0 -22.5 0 0 0 0 0 0.36 0 0 0 0 0 11.34 0 0 0 0 0 0.037037 0 0 0 0.6 0 0 1.77778 2.52 1.8 0.333333 -0.285714 0.6 0 0 0 0 1 0 0 0 0 -0.2 0 -7.56 0.592593 0 13.5 0 0 2.66667 0 0 0 0 0 0 0 0 0 -0.675 0 0 0 -18 -0.197531 0 0 0 -0.333333 9 -0.2 -5 
0 0 0 0 0 0 0 0 -0.5 0 0 0 0 0 0 0 0 0 0 0 1 0 0 0 0 0 0 0 0 -1 0 0 0 0 0 0 0 0 0 0 0 0 0 0 0 0 0 0 0 0 0 0 0 0 3 0 0 0 2.14286 0 0 0 0 0 0 0 0 0 0 1.5 0 0 0 0 0 0 0 0 0 0 0 0 0 0 0 0 0 0 0 0 0 0 -0.333333 0 0 0 0 0 -1.5 0 
0 0 0 0 0 0 0 0 0 0 0 0 0 0 0 0 0 0 0 0 0 1 58.75 0 0 0 0 0 0 0 0 0 0 0 0 0 0 0 0 0 0 -16.875 0 0 0 0 0 0 0 0 0 0 0 0 0 -3.75 0 0 0 0 0 0 0 0 0 0 0 0 0 0 0 11.25 0 0 0 0 0 0 0 0 0 0 0 0 0 0 0 0 0 0 0 0 0 0 0 0 0 0 0 0 
926.167 -0.632099 1.65 0.948148 0 0 0.4 0 0 0 -1.36429 0 14.3111 0 0 0.618673 0 -4.95 0 -1.6 -3.5 0 83.98 0 -1.21397 -2.59444 -1.75417 -40.5 0 1.07143 0 1.11111 0 -1.12 0 -0.201 1.0842e-19 -0.72 0 0 0 -18.144 -0.25 -0.533333 0 0 -0.357143 0.32 0 0 0.8 -1.28143 -0.711111 0 -2.59444 -5.532 -2.88 -1.06667 5.26667 -0.96 0 0 0 1.02222 -1.6 0 -1.92857 0 -2.16964 3.68667 0.875 16.596 -1.00544 0.416667 -21.6 0.28125 6.6 -3.97604 -0.533333 0 -0.625 -1.8 0 -0.75 0.64 -0.5 0 1.44161 0 0.177778 1.25 0.666667 0.288272 0 3.5 0 1.91042 0 0.4 8 
-1080 0 -0.16 0 0 0 -0.625 0 0 -0.5 0 1.875 -18 0.625 2.89286 -3.36049 0 0.48 0 1.74286 0 0 -72.475 1 -0.05 3.55556 -0.2 -5.01536 0 0.347222 0 0 0 0 0 1.70743 0 1.125 0 0 0 22.5425 0 0 0 0 0 0.225 0 0 0 1.2 0 0 3.55556 5.04 3.6 2.025 -0.497959 2.84571 0 0 0 0 2 -0.5025 -0.625 0 -0.703125 -0.348571 0 -14.495 1.18519 0 27 0 -0.64 5.33333 0 0 0 0 0 0 -1 0 0 -1.35 0 0 0 0 -0.395062 0 0 0 -1.925 1.125 -0.4 -8.71429 
-2.96296 0 -0.00740741 0 0 0 0 0 0 0 -0.00529101 -0.0537037 0.0185185 -0.0734568 -0.238095 0.0236626 0 0.0037037 0 0 0 0 -1.24691 0 1.00412 -0.037037 -0.00925926 -0.215873 0 0.00587889 0 0 0 0 0 0 0 -0.238095 0 0 0 0.411111 0 0 0 0 -0.185185 -0.0185185 0 0 0 -0.166667 0 0 -0.037037 0.0432099 0.0308642 -0.166667 0 0 0.166667 0 0 0.138889 0 0.0148148 -0.010582 -0.8 -0.0119048 0 0 -0.249383 -0.0123457 0 0 0 -0.0296296 0 0 0 0 0 0 0 0 0.0238095 0 0.1875 0 0.111111 0.740476 -0.031746 0.00411523 0 0 0 0.171296 0 0 -2.8 
0 0 0 0 0 0 0 0 0 0 0 -0.8 0 -0.266667 0 -0.888889 0 0 0 0 0 0 -1.33333 0 0 1 0 -0.171429 0 0 0 0 0 0 0 0 0 0 0 0 0 0.4 0 0 0 0 0 0 0 0 0 0 0 0 1 0 0 0 0 0 0 0 0 0 0 -0.4 0 0 0 0 0 -0.266667 0.333333 0 0 0 0 0 0 0 0 0 0 0 0 0 0 0 0 0 0 0 -0.111111 0 0 0 0 0 0 0 
0 0 0 0 0 0 0 0 -5 0 0 0 0 0 0 0 0 0 0 0 0 0 0 0 0 0 1 0 0 0 0 0 0 0 0 0 0 0 0 0 0 0 0 0 0 0 0 0 0 0 0 0 0 0 0 0 0 0 0 0 0 0 0 0 0 0 0 0 0 0 0 0 0 0 0 0 0 0 0 0 0 0 0 0 0 0 0 0 0 0 0 0 0 0 0 0 0 0 0 0 
0 0 0 0 0 0 0 0 6.25 0 0 0 0 0 0 0 0 0 0 0 0 0 0 0 0 0 3.10938 1 0 -2.0625 0 0 0 0 0 0.09 0 -1.26562 0 0 0 0 0 -1.125 0 0 0 0 0 0 0 0 0 0 -1.3125 0 0 0 0 0.15 0 0 0 0 0 0 0 0 0 0 0 0 0 0 0 0 0 0 -1.125 0 0 0 0 0 1.125 0 0 0 0 0 -0.25 -2 0.989583 0 0 0 0 1 0 0 
0 0 0.0816327 0 0 1.25 0 0 0 0 0 0 0 0 0 -2.14286 0 -0.244898 0 0 0 0 25.2 0 0 0 -2.14286 2.44898 1 0 0 0 0 0 0 -0.265 0 0 0 0 0.142857 -7.96816 0 0 0 0 0 0 0 0 0 -0.4 0 1.4 -0.466667 -1.68 -1.2 0 0 0.6 0 0 0 0 -0.433333 0 0 0 0 0 0 5.04 0 0 0 0 -1.07347 0 0 0 0 0 0 0 0 0 0 0.45 0 11.25 -1 0 0.0518519 0.285714 0 0 1.07143 0 0.0866667 0 
-5215.99 2.85778 -4.71 -4.28667 0 0 -2.16 0 0 0 10.3671 0 -76.1915 -0.875 0 7.90917 0 13.8383 0 8.64 18.9 0 -478.284 0 6.55543 14.01 20.7225 344.7 0 -8.11905 0 -6 0 6.048 0 1.0854 -5.85469e-19 3.888 0 0 0 84.4151 1.35 2.88 0 0 1.92857 -1.728 0 0 -4.32 6.91971 3.215 0 11.01 30.5534 16.0381 4.8225 -28.44 5.184 0 0 0 -5.32469 8.64 0 16.4143 0 18.4661 -19.908 -4.725 -94.5767 5.42938 -2.25 116.64 -1.51875 -18.84 21.4706 2.88 0 3.375 9.72 0 4.05 -3.456 2.7 0 -7.78468 0 -0.80375 -6.75 -3.6 -1.22333 0 -18.9 0 -15.0037 0 -2.16 -43.2 
0 0 0 0 0 0 0 0 0 0 0 0 -0.666667 -0.75 -1.09375 0 0 0.166667 0 0 0 0 14.1667 0 3 0 0 0 0 0 3.625 0 0 0 0 0 0 0 0 0 0 -4.25 0 1.16667 0 0 0 0 0 0 0 0 0 0 0 -0.388889 -0.277778 0 0.714286 0 0 -0.875 0 0 0 0 0 -2.4 0 0.5 0 2.83333 0 0 0 0 0 0 1.16667 0 0 0 0 0 0 0 0 0 -0.125 0 2.4 0 0 0 0 0 0 0 0 -8.4 
-11.8519 -1.40466 8.88889 2.107 0 0 0.888889 0 0 0 -0.888889 0 -0.197531 -4.5 -3.9375 0 0 -26.6667 -3.5 0 0 0 0 0 -2.69771 0 -0.148148 0 0 -0.625 13.05 1 0 -2.48889 0 0 -4.8 -1.6 0 0 0 0 0 3.01481 0 0 0 0.711111 -1 0 1.77778 0 -1.58025 0 1.875 0 0 -2.37037 2.50529 0 0 -3.15 1 2.2716 0 0 0 0 0 1.7537 0 0 0 -1.2 0 0 35.5556 0 2.51481 0 1.8 -4 0 0 1.42222 0 0.5 0 -0.45 0.395062 0 0 -2.875 0 0 0 2.37037 0 0.177778 0 
0 0 0 0 0 0 0 0 0.8 0 0 0 0 0 0 0 0 0 0 0 -1.6 0 120.96 0 0 0 0 0 0 0 0 0 1 0 0 0 0 0 0 0 0 -36.288 0 0 0 0 0 0 0 0 0 -1.92 0 0 0 -8.064 -5.76 0 -3.42857 0 0 0 0 0 -3.2 0 0 0 0 -2.4 0 24.192 0 0 1.6 0 0 0 0 0 0 0 0 0 0 0 0 2.16 0 0 0 0 0 0 0 -1.6 0 0 3.04 0 
0 0 0 0 0 0 0 0 0 0 0 0 0 0 0 0 0 0 0 0 0 0.166667 23.5 0 0 0 0 0 0 0 0 0 0 1 0 0 0 0 0 0 0 -6.75 0 0 0 0 0 0 0 0 0 0 0 0 0 -1.5 0 0 0 0 0 0 0 0 0 0 0 0 0 0 0 4.5 0 0 0 0 0 0 0 0 0 0 0 0 0 0 0 0 0 0 0 0 0 0 0 0 0 0 0 0 
-214.667 0.158025 -1 -0.237037 0 0 -0.1 0 0 0 0.1 0 -3.57778 -7 -7.23214 -1.07654 0 3 -0.6 1.04286 0 0 -50.12 0 0.428492 1.21111 0.0166667 0 0 -0.466667 0 -0.972222 0 0.28 1 -2.32457 1.45833 0.18 -1.16667 0 0 15.036 0 0.133333 0 0 1.75 -0.6425 0 0.729167 -0.2 0.24 0.177778 0 1.21111 1.008 0.72 -4.79583 -0.25034 -3.87429 0 0 0 -0.255556 0.4 0 0.84 0 0 -0.175238 0 -10.024 0.403704 0 5.4 0 -4 1.06667 0.133333 0 0 0.45 0 -2.91667 -0.16 0 0 -0.27 -0.182292 -0.0444444 0 0 -0.134568 0 0 0 4.79583 0 -0.1 -5.21429 
0 0 0 0 0 -2 0 0 0 0 0 0 0 0 0 3.42857 0 0 0 0 0 0 0 0 0 0 3.42857 0 0 0 0 0 0 0 0 1 0 0 0 0 0 0 0 0 0 0 0 0 0 0 0 0 0 0 0 0 0 0 0 0 0 0 0 0 0 0 0 0 0 0 0 0 0 0 0 0 0 0 0 0 0 0 0 0 0 0 0 0 0 -18 0 0 0 0 0 0 -1.71429 0 0 0 
1502.67 -1.10617 7 1.65926 0 0 0.7 0 1.864 0 0.328571 -2 25.0444 -1.00952 0 4.42469 0 -21 0 -2.8 -8.728 -0.833333 -14.9933 0 -2.12444 -4.97778 -0.216667 -0.428571 0 3.6 0 -0.666667 0 -6.96 0 -0.472286 1 -1.26 0 0 0 2.998 0 -1.73333 0 0 0 0.56 0 0 1.4 -1.68 -1.24444 0 -15.7778 0.444 -5.04 -1.86667 -0.379048 -1.68 0 0 0 1.78889 -2.8 -1 0 0 0 -0.265333 1.25 -1.99867 -2.68783 0 -37.8 0 28 -7.46667 -1.73333 0 0 -3.15 0 0 1.12 0 0 1.89 0 0.311111 0 0 1.75309 0 5 0 1.86667 0.16 6.292 14 
1073.33 -0.790123 5 1.18519 0 0 0.5 0 0 -2.8125 -0.5 0 17.8889 0 0 3.16049 0 -15 17.5159 -2 5 0 75.6 5.625 -1.51746 -3.55556 -0.0833333 0 0 0 0 0 0 -1.4 0 -1.25571 0 0.1 0 -5 0 -22.68 0 -0.666667 0 -0.0555556 0 0.4 5 0 1 -1.2 -0.888889 -2.5 -2.72222 -5.04 -3.6 -1.33333 -6.78175 -1.2 0 0 0 1.27778 -2.41667 0 0 0 0 -4.76667 -1.25 15.12 -1.18519 0 -26.8889 0 22.5 -5.33333 -0.666667 0 0 -2.25 0.111111 0 0.8 -0.1 -2.5 1.35 -1.66667 0.222222 0.25 0.133333 0.302469 0 -5 0 1.33333 6.32812 0.583333 10 
2.5 0.296296 -1.875 -0.444444 0 0 0 0 0 0 0 0 0.0416667 0 0 0.380952 -0.1875 5.625 0 0 0 0 0 0 0.535714 -0.428571 0 0 0 0 0 0.833333 -14.7 0 0 0 -1.25 0 1 0 0 0 0 0 0 0 0 0 0 -0.625 0 0 0.333333 0 -0.428571 0 0 0.5 0.0892857 0 0 0 0 -0.479167 0 0 0 -1.3125 2.1 0.0625 0 0 -0.142857 0 0 0 -7.5 0 0 0 0 0.84375 0 2.5 0 0 0 0 0.15625 -0.0833333 1.3125 0 0.047619 0 0 0 -0.5 0 -0.0375 -4.59375 
0 0 0 0 0 0 0 0 0 0 0 0 0 0 0 0 0 0 0 0 -1 0 0 0 0 0 0 0 0 0 0 0 0 0 0 0.107143 0 0 0 1 0 0 0 0 0 0 0 0 0 0 0 0 0 0 0 0 0 0 1.42857 0 0 0 0 0 0 0 0 0 0 1 0.25 0 0 0 0 0 0 0 0 0 0 0 0 0 0 0 0 0 0 0 0 0 0 0 1 0 0 0 0 0 
-591.667 -0.197531 0.244898 0.296296 0 0 0 0 0 0.388889 0 0 -9.86111 0 0 0 0 -0.734694 0 0 0 0 0 -0.777778 0 0 0 7.34694 3 0 0 0 0 0 0 0 0 0 0 0 1.42857 -1.22449 0 0 0 0 0 0 0 0 0 0 -0.222222 0 0 0 0 -0.333333 0 0 0 0 0 0.0694444 0 0 0 0 0 0 0 0 0 0 14.75 0 0.979592 0 0 0 0 0 0 0 0 0 0 0 -4.5 0.0555556 0 0 0 0.857143 0 0 0.333333 -0.875 0 0 
0 0 -0.2 0 0 0 0 0 -5 0 0 0 0 0 0 -0.25 0 0.6 0 0 0 0 0 0 0 0 -2.7375 -6.8 0 1.65 0 0 0 0 0 -0.072 0 1.0125 0 0 0 1 0 0.9 0 0 0 0 0 0 0 0 0 0 1.05 0 0 0 0 -0.12 0 0 0 0 0 0 0 0 0 0 0 0 0 0 0 0 -0.8 0 0.9 0 0 0 0 0 -0.9 0 0 0 0 0 0.2 1.6 -0.791667 0 0 0 0.125 -0.8 0 0 
0 0 0 0 0 0 0 0 0 0 0 0 0 0 0 0 0 0 0 0 14 0 0 0 0 0 0 0 0 0 0 0 0 0 0 -1.5 0 0 0 0 0 0 1 0 0 0 0 0 0 0 0 0 0 0 0 0 0 0 -20 0 0 0 0 0 0 0 0 0 0 -14 -3.5 0 0.5625 0 0 -1.125 0 0.3375 0 0 0 0 0 0 0 2 0 0 0 0 -5 -2.66667 0 0 -14 0 0 0 0 0 
0 0 0 0 0 0 0 0 -2.33 0 -1.28571 0 0 0.428571 0 0 0 0 0 0 4.66 0 0 0 0 0 0.125 0 0 -4.5 0 0 0 0 0 0 0 0 0 0 0 0 0 1 0 0 0 0 0 0 0 0 0 0 13.5 0 0 0 9.98571 0 0 0 0 0 0 0 0 0 0 6.99 0 0 1.28571 0 0 0 0 0 1 0 0 0 0 0 0 0 0 0 0 0 0 0 -1.5 0 0 0 0 -0.2 -6.99 0 
0 0 0 0 0 0 0 0 0 0 0 0 0 0 0 0 0 0 0 0 0 0 0 0 0 0 0 0 0 0 0 0 0 0 0 0 0 0 0 0 0 0 0 0 1 0 0 0 0 0 0 0 0 0 0 0 0 0 0 0 0 0 0 0 0 0 0 0 0 0 0 0 0 0 0 0 0 0 0 0 0 0 0 0 0 0 0 0 0 0 0 0 0 0 0 0 0 0 0 0 
0 0 0 0 0 0 0 0 0 0 0 0 0 0 0 0 0 0 -0.285714 0 0 0 0 0 0 0 0 0 0 0 0 0 28 0 0 0 0 0 0 0 0 0 0 0 0 1 0 0 0 0 0 0 0 0 0 0 0 0 -0.5 0 0 0 0 0 0 0 0 2.5 -4 0 0 0 0 0 0 0 0 0 0 0 0 0 -2 0 0 0 0 0 0 0 -2.5 0 0 0 0 0 0 0 0 8.75 
0 0 0.0181406 0 0 0 0 0 0 0 0 0 0 0 0 0 0 -0.0544218 0 0 0 0 52.6 0 0 0 0 0.544218 0.222222 0 0 0 0 0 0 0.08 0 0 0 0 0.031746 -15.2707 0 0 0 0 1 0 0 0 0 -0.0888889 0 0.311111 -0.103704 -3.37333 -0.266667 0 0 0.133333 0 0 0 0 -0.0962963 0 0 0 0 0 0 10.12 0 0 0 0 -0.238549 0 0 0 0 0 0 0 0 0 0 0.1 0 0 -0.222222 0 0.0115226 0.0634921 0 0 0 0 0.0192593 0 
0 0 0 0 0 0 0 0 0.892857 0 0 0 0 0 0 0 0 0 0 0 0 0 0 0 -0.222222 0 -0.178571 0 0 0 0 0 0 -3.5 0 0 0 0 0 0 0 0 0 0 0 0 0 1 0 0 0 0 0 0 0 0 0 0 -0.714286 0 0 0 0 0 0 0 0 0 0 0 0 0 0 0 0 0 0 0 0 0 0 0 0 0 0 0 0 0 0 0 0 0 0 0 0 0 0 0 0 0 
-91.8333 -0.790123 -9.35333 1.18519 -0.5 0 -0.285714 0 -0.046875 -0.5625 0 0.857143 -1.53056 9.09821 0 -11.5271 0 28.06 3.5 0 1.25 0 80.5286 1.125 0 -0.185185 -11.7073 -280.416 0 0.15873 -3.5 0 0 0 -0.0833333 -0.488095 0 0.514286 0 -1 0 22.6081 0 0 0 0 0 0 1 0 0 0.3 -0.888889 -0.416667 -0.185185 -5.27333 -3.76667 -1.33333 -2.34425 0 0 0 3.11111 3.82639 0.430556 0.428571 -0.285714 0 -0.321429 -1.59722 -1.13889 16.1057 -0.0617284 0 -0.25 0 -37.4133 -0.277778 0 0 0 0 0 0 -0.457143 0 -0.5 -0.3375 -0.333333 3.06111 0 0 0.0205761 0 -1 0.25 7.17917 1.26562 -0.461111 0 
0 0 -15 0 0 0 0 0 -0.5 0 10 0 0 0 0 -12.5 0 45 0 0 1 0 105 0 1.42857 0 -11.7188 -300 0 0 0 0 0 0 0 0 0 0 0 0 0 18.5 0 6.25 0 0 0 0 0 1 0 0 0 0 0 -7 -5 0 2.14286 0 0 0 0 0 0 0 0 0 0 1.5 0 21 -10 0 0.75 0 -60 0 6.25 0 0 0 0 -4 0 0 0 0 -0.25 0 0 0 0 0 0 0 6.25 -1.25 -1.5 0 
1073.33 -0.790123 5 1.18519 0 0 0.5 0 0 0 -0.5 0 16.3889 1.125 0 3.16049 0 -14.625 0 -2 0 0 107.475 0 5.23254 -3.55556 -0.0833333 0 0 0 0 0 0 -1.4 0 -0.72 0 -0.9 0 0 0 -32.2425 0 -0.666667 0 0 0 0.4 0 0 1 -1.2 -0.888889 0 -3.55556 -5.915 -4.225 -1.33333 0.333333 -1.2 0 0 0 1.27778 -2 0 0 -5.4 0 0.233333 0 21.495 -1.18519 0 -27 0 20 -5.33333 -0.666667 0 0 -2.25 0 0 0.8 0 0 1.35 0 0.222222 5.4 0 0.395062 0 0 0 1.33333 0 0.5 -8.9 
-2026.78 1.48148 0.10146 -2.22222 0 3.375 -0.9375 0 0.96875 0 -0.597718 0.322222 -32.0778 0.440741 1.42857 -4.05414 0 -0.193268 -1.125 3.75 -1.9375 0 -199.324 0 2.3384 6.42014 1.54523 177.381 -0.45 -2.9192 0 -2.08333 1 2.625 0 -0.4995 -2.03288e-19 3.11607 0 0 -0.0642857 28.4498 0 -0.859375 0 0 -0.244246 -0.638889 0 0 -1.875 2.11268 1.66667 -0.63 6.63014 13.1327 3.03231 3.5 -4.77679 1.98 -1 0 0 -3.22917 0.745 -0.0888889 5.25456 0 4.13951 -3.34375 0 -38.6797 5.51505 -0.78125 49.8625 0 1.03584 9.29688 -0.859375 0.84375 1.17188 4.21875 0 1.40625 -1.5 -0.142857 0 -2.37676 0.675 29.2917 0.807143 0.190476 -0.736682 -0.128571 0 -1.6 -4.32633 0.421875 2.56975 -18.75 
2159.63 0.36214 3.53905 -0.54321 0 0 1.1369 0 0.096 0.642857 -0.333333 -2.41071 35.9938 -0.803571 -3.71939 6.42763 0 -10.6171 0 -3.57415 -0.192 0 143.582 -1.28571 -0.947354 -6.9418 0.0515873 6.44832 0 2.8869 0 0 0 -0.933333 0 -2.24669 0 -2.04643 0 0 0 -44.1032 0 -1.64444 0 0 0 -0.022619 0 0 0.666667 -2.34286 0.407407 0 -6.9418 -9.84 -7.02857 -1.99246 -0.798973 -4.45878 0 0 -3.5 -1.46065 -3.90476 0.646071 -5.19643 0 -5.84598 -0.559281 1 28.7164 -2.31393 0 -52.7143 0 14.1562 -10.4127 -1.64444 0 0 -1.5 0 0 1.81905 0 0 2.63571 0 -1.70185 0 0 5.27131 0 0 0 1.86389 -1.20643 1.13562 17.8707 
-429.333 0.316049 -2 -0.474074 0 0 -0.2 0 0 1.125 0.2 0 -7.15556 0 0 -1.2642 0 6 -7 0.8 -2 0 -30.24 -2.25 0.606984 1.42222 0.0333333 0 0 0 0 0 0 0.56 0 0.502286 0 0.36 0 2 0 9.072 0 0.266667 0 0 0 -0.16 -2 0 -0.4 0.48 0.355556 1 1.08889 2.016 1.44 0.533333 2.72381 0.48 0 0 0 -0.511111 0.966667 0 0 0 0 1.90667 0.5 -6.048 0.474074 0 10.8 0 -9 2.13333 0.266667 0 0 0.9 0 0 -0.32 0 1 -0.54 0.666667 -0.0888889 0 0 -0.120988 0 2 0 -0.533333 -2.53125 -0.233333 -4 
-3840.6 2.80933 -2.68655 -4.21399 0 5.4 -1.77778 0.444444 0.27 0 -0.729365 0 -61.1016 -0.525 -0.610863 -8.26961 0 8.17633 -1.8 7.06111 -0.54 0 -558.784 0 6.72131 11.8031 -0.48411 281.287 -0.72 -3.48929 2.5375 -3.33333 0 4.97778 0.277778 -0.4172 -3.25261e-19 3.2 0 0 -0.102857 117.835 0 -0.187963 0 0 -2.16857 -1.41019 0 0 -3.55556 5.48895 3.16049 -1.008 13.1391 37.0092 16.0796 4.84907 -1.82804 3.80467 0 -0.6125 0 -4.54321 7.37311 0 8.30571 -1.68 6.50893 -1.27963 0 -109.861 9.33436 -1.25 91.545 0 -9.73821 17.7046 -0.187963 1.35 1.875 8 0 2.25 -2.84444 0 0 -6.17507 0.9925 47.8099 2.4 0.9 -1.4599 -0.205714 1.48148 0 -5.68231 0.225 -0.631289 -41.1856 
0 0 0 0 0 0 0 0 0 0 0 0 0 0 0 0 0 0 0 0 0 0 -15 0 0 0 0 0 0 0 0 0 0 0 0 0 3.33333 0 0 0 0 4.5 0 0 0 0 0 0 0 0 0 0 0 0 0 1 0 0 0 0 0 0 0 0 0 0 0 0 0 0 0 -3 0 0.833333 0 0 0 0 0 0 -1.25 0 0 0 0 0 0 0 0 0 0 0 0 0 0 0 0 0 0 0 
0 0 2 0 0 0 0 0 0 0 0 0 0 -0.9375 0 2.5 0 -6 1.94444 0 0 0 -21 0 0 0 2.5 60 0 0.0868056 0.75 -0.555556 0 0 0 0 0 0 0 0 0 -3.7 0 0 0 0 0 0 0.555556 0 0 0 0 0 -1.04167 1.4 1 0 0.337302 0 0 0 -0.555556 0 0 0 0.46875 0 0.527344 0.236111 0 -4.2 -0.3125 0 0 0.625 8 -0.1875 0.277778 0 0 0 0 0 0 0 -0.277778 0 0 0 0 0 0.115741 0 0 0 -1.25 0 0 0 
-264 0 16.7111 0 0 0 0 0 0 0 6.85714 0 3.6 0 1.2381 12.6568 0 -50.1333 0 -0.4 0 0 26.7867 0 -0.0213992 -2.48889 -4.2 284.4 0 1.38095 0 0 -15.5556 0 0 -0.144 -11.8519 0 0 0 0 -56.036 0 0 0 0 2.53968 0.0962963 0 0 0 2.04571 0 0 -2.48889 -1.78578 -0.72 0.866667 0.114286 -0.24 0 0 0 0 -0.4 0 13.7143 0 17.6508 0.08 0 5.35733 -0.82963 -2.96296 -5.4 0 66.8444 -3.73333 0 0 4.44444 0 0 5.33333 0 0 0 -2.30143 0 0 0 7.2 0.276543 0 0 0 -6.86667 -3.6 0.08 2 
-1.26984 0 0.0390023 0 0 0 0 0 -1.25 0 0.0181406 0.184127 -0.253968 -0.0338624 0.816327 -0.0811287 0 -0.0535147 0 0 0 0 43.7251 0 -0.0141093 0.126984 0.281746 1.1483 0.166667 -0.0201562 0 0 0 0 0 0.06 0 0 0 0 0.0238095 -12.8626 0 0 0 0 0.75 0.0634921 0 0 0 -0.0666667 0 0.233333 0.0492063 -2.67815 -0.30582 0.571429 1 0.1 -0.571429 0 0 0 -0.0722222 -0.0507937 0.0362812 0 0.0408163 0 0 8.44503 0.042328 0 0 0 -0.0773243 0 0 0 0 0 0 0 0 0 0 0.075 0 0 -0.166667 0 -0.00546737 0.047619 0 0 -0.587302 0 0.0144444 0 
698.135 -0.940623 -0.0595238 1.41093 0 -2.14286 0.595238 0 -0.107143 0 0.39966 0 10.2963 0 1.60714 0.728082 0 0.178571 0.714286 -1.4127 0.214286 0 98.4762 0 -1.52816 -1.95988 -0.945826 -112.843 0 1.83107 0 1.32275 0 -1.66667 0 1.16286 1.29072e-19 -1.07143 0 0 0 -10.4357 0 0.545635 0 0 -0.42517 0.60119 0 0 1.19048 -1.14456 -1.0582 0 -1.95988 -6.48571 -3.35714 -0.462302 0.579365 0.152381 0 0 0 1.52116 -1.26984 -0.8 -3.29592 0 -2.58291 0.405556 0 19.4571 -2.79615 0.496032 -15.6429 0 -0.238095 -2.93981 0.545635 -0.535714 -0.744048 -2.67857 0 -0.892857 0.952381 0 0 1.28763 -0.428571 -19.0212 0 0 0.217764 0 0 0 0.969317 -0.267857 0.0515873 7.06349 
2.22222 0 1.38413 0 0 0 0 0 3.75 0 -0.031746 -0.322222 0.444444 0.0592593 -1.42857 0.141975 0 -4.26349 0 0 -7.5 0 -7.48148 0 0.0246914 -0.222222 -0.0555556 41.5619 0 0.0352734 0 0 0 0 0 0 -10.6667 0 0 0 2.5 -4.67619 0 0 0 0 0 -0.111111 0 0 0 0 0 0 -0.222222 0.259259 0.185185 -1 -16.0714 0 1 0 0 0 0 0.0888889 -0.0634921 0 -0.0714286 -11.25 0 -1.4963 -0.0740741 -2.66667 7.5 0 5.53651 0 0 0 4 0 0 0 0 0 0 0 0 0 0 0 0.0246914 5 0 -7.5 1.02778 0 11.25 0 
998.438 0.333333 -0.413265 -0.5 0 -1.25 0 0 0.6 -0.65625 0 0 16.6406 0 1.25 2.14286 0 1.2398 0 0 -1.2 0 0 1.3125 0 0 2.14286 -12.398 -5.0625 0 -3 0 0 0 1.07143 0 0 0 0 0 -2.41071 2.06633 0 -1.33333 0 0 1.875 0 0 0 0 0 0.375 0 0.5 0 0 0.5625 -2.57143 0 0 1 0 -0.117188 0 0 0 0 0 -1.8 0 0 0 0 -24.8906 0 -0.153061 0 -1.33333 0 0 0 0 0 0 0 0 0 7.73661 -11.3438 0 0 -0.0555556 -1.44643 0 0 -1.63393 2.97656 1.8 0 
0 0 0 0 0 0 0.5 0 0.16 0 0 -1.5 0 -0.5 0 0 0 0 -0.214286 0 -1.72 0 21.692 0 0 0 0 -0.321429 0 -0.277778 0 0 21.2 0 0 0.15 0 -0.9 0 0 0 -6.5076 0 0 0 0.75 0 0 0 0 0 -0.384 0 0 0 -1.6128 -1.152 0 1.29643 0 0 0 1 0 -0.64 -0.75 0.5 1.875 -2.4375 1.17 0.35 4.3384 0 0 0.32 0 0 0 0 0 0 0 -1.5 0 0.8 -0.2 0 0.432 0 0 -1.375 0.266667 0 0 1.4 -0.32 0 0 0.608 6.5625 
-6.66667 -0.790123 5 1.18519 0 -2.66667 0 0 0 0 0 0 -0.111111 0 0 4.57143 0.5 -15 0 0 0 0 0 0 -1.42857 0 4.57143 0 0 0 0 0 39.2 0 0 1.33333 0 0 0 0 0 0 0 0 0 0 0 0 0 0 0 0 -0.888889 0 0 0 0 -1.33333 -0.238095 0 0 0 0 1.27778 0 0 0 3.5 -5.6 -0.166667 0 0 0 0 0 0 20 0 0 0 0 -2.25 0 0 0 0 0 0 0 -23.7778 -3.5 0 0 0 0 0 -0.952381 0 0.1 12.25 
3887.33 0.651852 6.37029 -0.977778 0 0 2.04643 0 0.1728 1.15714 -0.6 -4.33929 64.7888 -1.44643 -6.6949 11.5697 0 -19.1109 0 -6.43347 -0.3456 0 220.648 -2.31429 -1.70524 -12.4952 0.0928571 11.607 0 5.19643 0 0 0 -1.68 0 -4.04405 0 -3.68357 0 0 0 -68.0458 0 -2.96 0 0 0 -0.0407143 0 0 1.2 -3.61714 0.733333 0 -12.4952 -15.192 -10.8514 -3.58643 -1.43815 -8.0258 0 0 -6.3 -2.62917 -6.02857 1.16293 -9.35357 0 -10.5228 -1.00671 1.8 44.1296 -4.16508 0 -94.8857 0 25.4811 -18.7429 -2.96 0 0 -2.7 0 0 3.27429 0 0 4.06929 0 -3.06333 0 0 9.48836 0 0 0 3.355 -2.17157 1.84411 32.1673 
0 0 0 0 0 0 0 0 0 0 0 0 0 0 0 0 0 0 0 0 0 0 0 0 0 0 0 0.428571 0 0 0 0 0 0 0 0 0 0 0 0 0 0 0 0 0 0 0 0 0 0 0 0 0 0 0 0 0 0 0 0 0 0 0 0 0 1 0 0 0 0 0 0 0 0 0 0 0 0 0 0 0 0 0 0 0 0 0 0 0 0 0 0 0 0 0 0 0 0 0 0 
0 0 0 0 0 0 0 0 -0.016 0 0 0 0 0 0 0 0 0 0 0 0.032 0 0 0 0 0 0.025 0 0 -0.555556 0 0 0 0 0 0 0 0 0 0 0 0 0 0.2 0 0 0 0 0 0 0 0 0 0 0 0 0 0 0.0685714 0 0 0 0 0 0 0 1 0 1.125 0.048 0 0 0 0 0 0 0 0 0.2 0 0 0 0 0 0 0 0 0 0 0 0 0 -0.75 0 0 0 0 -0.04 -0.048 0 
0 0 -1.41814 0 0 0 0 0 -35 0 0 0 0 0 0 -1.75 0 4.25442 0 0 -9 0 -52.6 0 0 0 -19.1625 -48.1442 -0.222222 11.55 0 0 11.2 0 0 0.380286 0 7.0875 0 9 -0.031746 22.2707 0 6.3 0 0 -1 0 0 0 0 0.0888889 0 -0.311111 7.4537 3.37333 0.266667 0 12.8571 -0.973333 0 0 0 0 0.0962963 0 0 1 -1.6 9 2.25 -10.12 0 0 0 0 -5.36145 0 6.3 0 0 0 0 0 -6.3 0 0 -0.1 0 0 0.622222 11.2 -5.55319 -0.0634921 9 0 0.875 -5.6 -0.0192593 3.5 
0 0 0 0 0 0 0 0 0 0 0 0 0 0 0 -0.7 0 0 0 0 0 0 5.25 0 0 0 0 0 0 0 0 0 -7 0 0 0 0 0 0 0 0 -1.575 0 0 1.6 0 0 0 0 0 0 0 0 0 0 -0.35 0 0 0 0 0 0 0 0 0 0 0 0 1 0 0 1.05 0 0 0 0 0 0 0 0 0 0 0 0 0 0 0 0 0 0 0 0 0 0 0 0 0 0 0 0 
1768.27 0.12642 -0.8 -0.18963 0 1.71429 -0.08 0 0 0 0.08 1.6 29.4711 -5.6 -7.11508 2.35779 -2.5 2.4 -0.408571 -1.15513 0 0 -103.096 0 0.36577 -2.65251 -67.4867 -14.8857 0 37.1267 0 -0.777778 -7 0.224 0.8 -2.77585 1.16667 0.144 -0.933333 0 0 30.9288 0 0.106667 0 -0.25 1.4 -0.617395 0 0.583333 -0.16 -1.03022 0.142222 0 -2.65251 5.0064 3.576 -4.76722 -7.60211 -4.62641 0 0 0 -0.204444 -1.71704 0.266667 0.672 -0.625 1 -5.40897 0 -20.6192 -0.88417 4 -44.18 0 -3.2 -4.57877 0.106667 0 0 0.36 0.5 -2.33333 -0.128 0 0 1.159 5.85417 15.393 0.625 30 0.294723 0 0 0 4.76722 -15 4.32741 3.58816 
48 0 0 0 0 0.380952 0 0 0 0 0.125 0.355556 0.8 -0.875 -0.904018 0 0 0 0 0.0803571 0 0 -35.4861 0 0.015625 0 0 0 0 -0.138889 0 0 0 0 0.125 0.12 0 0 0 0 0 10.6458 0 0 0 0 0.21875 -0.0703125 0 0 0 0 0 0 0 2.07407 1.48148 -0.632812 -1.27296 -0.514286 0 0 -3.5 -2 0 0 0.25 0 0.28125 -0.891071 1 -7.09722 0 0.888889 0 0 0 0 0 0 0 0 0 0 0 0 0 0 0 1.82857 0 0 0 0 0 0 0.632812 0 0 -0.401786 
0 0 0 0 0 0 0 0 0 0 0 0 -1.33333 1 0 0 0 0.333333 0 0 0 0 28.3333 0 6 0 0 0 0 0 0 0 0 0 0 0 0 0 0 0 0 -8.5 0 0 0 0 0 0 0 0 0 0 0 0 0 -0.777778 -0.555556 0 0 0 0 0 0 0 0 0 0 -4.8 0 0 0 5.66667 0 0 0 0 0 0 0 0 0 0 0 0 0 0 0 0 0 0 4.8 0 0 0 0 0 0 0 0 -16.8 
1436.4 0 -26.6311 0 0 0.6 0.416667 0 -0.729167 2.66667 -11.9714 1.64333 11.14 0.694444 -3.90952 -18.0105 0 79.8933 -0.142857 -0.521905 1.45833 0 114.697 -0.666667 0.067572 1.61185 6.85333 -451.196 0 -5.94101 0 0 24.8889 0 0 -0.907886 18.963 -0.75 0 0 0 41.8576 0 0 0 0.5 -4.06349 -0.304074 0 0 0 -6.52314 0 0 12.1119 -7.52609 -6.26467 -2.73667 -0.309218 -1.51314 0 0 0 0 -4.77667 1.50167 -21.5262 0 -27.7725 -0.0414524 0 22.9394 1.53728 6.14074 -15.6683 0 -106.524 2.41778 0 0 -7.11111 0 -1 -8.53333 0.666667 0 0 7.33854 2.1 5.4 0 -11.52 -1.34576 0 0 -2.04167 12.27 -0.24 0.167833 2.60952 
0 0 0 0 0 0.428571 0 0 0 0 0 0.4 0 0 0 0 0 0 0 0 0 0 -35 0 0 0 0 0 0 0 0 0 0 0 0 0 0 0 0 0 0 10.5 0 0 0 0 0 0 0 0 0 0 0 0 0 2.33333 1.66667 0 0 0 0 0 0 0 0 0 0 0 0 0 0 -7 0 1 0 0 0 0 0 0 0 0 0 0 0 0 0 0 0 3.85714 0 0 0 0 0 0 0 0 0 0 
-1014 0 -0.106667 0 0 -0.6 -0.416667 0 -1.02083 -2.66667 0 -1.64333 -16.9 -0.361111 1.92857 -2.24033 0 0.32 0.142857 1.1619 2.04167 0 -157.556 0.666667 -0.0333333 2.37037 -0.133333 -3.84357 0 0.231481 0 0 0 0 0 1.13829 0 0.75 0 0 0 47.8 0 0 0 -0.5 0 0.15 0 0 0 3.25 0 0 2.37037 10.3833 7.41667 1.35 7.62636 1.89714 0 0 0 0 5.41667 -1.50167 -0.416667 0 -0.46875 5.16345 0 -31.5111 0.790123 -1.4 24.3083 0 -0.426667 3.55556 0 0 0 0 1 0 -0.666667 0 0 -3.65625 -2.1 -5.4 0 0 -0.263374 0 0 2.04167 -1.28333 6 -5.54583 -5.80952 
12 0 -0.24 0 0 0 0 0 0 0 -0.171429 0 0 0 0.3 -0.3 0 0.72 3.11111 0 0 0 0 0 0 0 -0.3 -7.2 0 0.329365 0 -0.888889 0 0 0 0 0 0 0 0 0 1.2 0 0 0 0 0 0 0.888889 0 0 0 0 0 -1.66667 0 0 0 -0.31746 0 0 0 -0.888889 0 0 0 0.407143 0 0.458036 -0.222222 0 0 -0.5 0 0 1 -0.96 -0.3 0.444444 0 0 0 0 0 0 0 -0.444444 0 0 0 0 0 0.185185 0 0 0 0.15 0 0 0 
892.208 -1.39753 9.97449 2.0963 0 -2.54762 1.025 1.69444 0.4 -0.4375 -1.025 -2.05 14.8701 4.7 6.92163 6.05646 2.5 -29.9235 0.408571 -2.56237 -0.8 0 579.318 0.875 -3.23043 -3.95638 72.4001 6.60434 -3.375 -38.0642 0 0.777778 7 -2.87 0.973313 1.43755 -1.16667 -1.845 0.933333 0 -1.60714 -172.418 0 -1.36667 0 0.25 -0.15 1.35835 0 -0.583333 2.05 -6.60028 -1.57222 0 -4.87305 -37.0545 -26.4675 2.48681 6.49996 2.39591 0 0 0 2.54132 -11.0005 -1.61667 -1.51575 0.625 -1.94922 4.63747 0 115.863 -0.756293 -4 -22.6 -1.125 40.898 -4.99707 -1.36667 0 0 -4.6125 -0.5 2.33333 1.64 0 0 7.42531 -0.791667 -22.5355 -0.625 -31.125 0.541449 -0.964286 5.64815 0 -3.75665 17.5469 1.08773 14.9993 
180 0 -6.26667 0 0 0 0 0 0 0 -2.57143 0 0 0 0 -4.50926 0 18.8 0 0 0 0 -4.375 0 0 0.666667 -4.5 -108 0 2.85714 0 0 5.83333 0 0 0 4.44444 0 0 0 0 19.3125 0 0 0 0 -0.952381 0 0 0 0 -0.857143 0 0 0.666667 0.291667 0 0 0 0 0 0 0 0 0 0 -5.14286 0 -6.61905 0 0 -0.875 0.222222 1.11111 0 0 -25.0667 1 0 0 -1.66667 0 0 -2 0 0 0 0.964286 0 0 0 0 -0.0740741 0 0 0 2.25 0 0 0 
-17.1429 0 0 0 0 0 0 0 0 0 0 0 -0.285714 -0.178571 0.21875 0 0 0 28 0 0 0 0 0 0 0 0 0 0 6.25 -0.725 -8 0 0 0 0 0.266667 0 0 0 0 0 0 -0.233333 0 0 0 0 8 0 0 0 0 0 -18.75 0 0 0 -3 0 0 0.175 -8 0.714286 0 0 0 0 0 -2.1 0 0 0 0.0666667 0 0 0 0 4.76667 -1 -0.1 0 0 0 0 0 -4 0 0.025 0.571429 0 0 2.08333 0 0 0 0 0 0 0 
270 0 -9.4 0 0 0 0 0 0 0 -3.85714 0 0 0 0 -6.76389 0 28.2 0 0 0 0 -6.5625 0 0 1 -6.75 -162 0 4.28571 0 0 8.75 0 0 0 6.66667 0 0 0 0 28.9688 0 0 0 0 -1.42857 0 0 0 0 -1.28571 0 0 1 0.4375 0 0 0 0 0 0 0 0 0 0 -7.71429 0 -9.92857 0 0 -1.3125 0.333333 1.66667 0 0 -37.6 1.5 0 1 -2.5 0 0 -3 0 0 0 1.44643 0 0 0 0 -0.111111 0 0 0 3.375 0 0 0 
229.85 -0.18963 0.495 0.284444 0 -0.380952 0.12 0 0 0 -0.534286 -0.355556 3.49333 -1.625 -1.28348 0.185602 0 -1.485 0 -0.560357 -1.05 0 60.6801 0 -0.379815 -0.778333 -0.52625 -12.15 0 0.460317 7.25 0.333333 0 -0.336 -0.125 -0.1803 -2.66667 -0.216 0 0 0 -16.089 -0.075 2.17333 0 0 -0.325893 0.166313 0 0 0.24 -0.384429 -0.213333 0 -0.778333 -3.73367 -2.34548 0.312813 4.28153 0.226286 0 -1.75 3.5 2.30667 -0.48 0 -0.828571 0 -0.932143 2.99707 -0.7375 12.076 -0.301632 -1.43056 -6.48 0.084375 1.98 -1.19281 2.17333 0 0.8125 -0.54 0 -0.225 0.192 -0.15 0 0.432482 -0.25 -1.77524 0.375 0.2 0.0864815 0 1.05 0 -0.0596875 0 0.12 2.80179 
0 0 0 0 0 0 0 1 0 0 0 1 0 0 0 0 0 0 0 0 0 0 151.2 0 0 0 0 0 0 0.208333 0 0 0 0 0.625 0 0 0 0 0 0 -45.36 0 0 0 0 0 0 0 0 0 -2.4 0 0 0 -10.08 -7.2 0 0 0 0 0 0 0 -4 0 -0.375 0 -0.421875 0 0 30.24 0.25 0 0 -0.5 0 0.15 0 0 0 1 0 0 0 0 0 2.7 0 0 0 0 0 0 3.33333 0 0 0 1.675 0 
0 0 -0.0226757 0 0 0.535714 0 0 0.08 0 0 0.5 -2.4 0 0 0 0 0.668027 0 0 -0.16 0 -88.5 0 0 0 -0.125 -0.680272 -0.277778 2.77778 0 0 0 0 0 -0.1 0 0 0 0 -0.0396825 25.9134 0 -1 0 0 -1.25 0 0 0 0 0.111111 0 -0.388889 0.12963 5.73333 1.41667 0 -0.342857 -0.166667 0 0 0 0 0.12037 0 -5 0 -5.625 -0.24 0 -17.2 0 1.25 0 0 0.298186 0 -1 0 0 0 1 0 0 0 0 -0.125 0 4.82143 0.277778 0 3.7356 -0.0793651 0 0 0 0.2 0.215926 0 
0 0 1.33333 0 0 0 0 0 0 0 0 0 0 0 0 0 0 -4 0 0 0 0 0 0 0 0 0 0 0 0 0 0 0 0 0 0 -2.22222 0 0 0 0 0 0 0 0 0 0.47619 0 0 0 0 0.428571 0 0 0 0 0 0 0 0 0 0 0 0 0 0 0 0 0 0 0 0 0 -0.555556 0 0 5.33333 0 0 0 0.833333 0 0 1 0 0 0 -0.482143 0 0 0 0 0 0 0 0 0 0 0 0 
0 0 0.0571429 0 0 0 0 0 0 0 0 0 0 0 0 0.0714286 0 -0.171429 0 0 0 0 0 0 0 0 -0.0535714 1.71429 0 0 0 0 0 0 0 0 0 -1.125 0 0 0 -0.285714 0 -1 0 0 0 0 0 0 0 0 0 0 0 0 0 0 0 0 0 0 0 0 0 0 0 0 0 0 0 0 0 0 0 0 0.228571 0 -1 0 0 0 0 0 1 0 0 0 0 0 0 0 0.75 0 0 0 -0.0357143 0 0 0 
2028 0 0.213333 0 0 1.2 0.833333 0 1.24167 5.33333 0 3.28667 33.8 0.722222 -3.85714 4.48066 0 -0.64 -0.285714 -2.32381 4.51667 0 194.151 -1.33333 0.0666667 -4.74074 0.266667 7.68714 0 -0.462963 0 0 -1 0 0 -3.02657 0 -1.5 0 0 0 -59.312 0 0 0 1 0 -0.3 0 0 0 -4.58 0 0 -4.74074 -12.7027 -9.07333 -2.7 -21.8241 -3.79429 0 0 0 0 -7.63333 3.00333 0.833333 0 0.9375 -14.9269 -1.75 38.8302 -1.58025 2.8 -50.2167 0 0.853333 -7.11111 0 0 0 0 -2 0 1.33333 1 0 5.1525 4.2 10.8 -2.5 -1.33333 0.526749 0 -7 -2.48333 2.56667 -12 8.05167 11.619 
-26.6667 0 0.0408163 0 0 0 0 0 0 0 0 -1 -0.444444 0 0 0 0 -0.122449 0 0 0 0 12.6 0 0 0 0 1.22449 0.5 0 0 0 0 0 0 -0.0580952 0 0 0 0 1.21429 -3.98408 0 0 0 0 0 0 0 0 0 -0.2 0 0.7 -0.233333 -0.84 -0.6 0 0.694444 0.3 0 0 1.94444 1.11111 -0.216667 0 0 0 0 0.486111 -0.555556 2.52 0 0 0 0 -0.536735 0 0 0 0 0 0 0 0 0 1 0.225 0 0.888889 -0.5 0 0.0259259 0.142857 0 0 0 0 0.0433333 0 
2732.5 0.888889 -1.43537 -1.33333 0 -3.33333 0 0 1.6 -1.75 0 0 45.5417 0 0 5.29762 0 4.30612 -0.0816327 0 -3.2 0 3.5 3.5 0 0 5.29762 -43.0612 -13.5 0 0 0 8 0 2.85714 0 0 0 0 0.125 -6.42857 6.12687 0 0 0 0.285714 5 0 0 0 0 0 1 0 1.33333 -0.233333 -0.166667 1.5 -7 0 0 0 0 -0.3125 0 0 0 0.714286 -1.14286 -4.8 0 0.7 0 0 -66.375 0 -1.7415 0 0 0 0 0 -0.571429 0 0 0 0 1 20.25 -30.25 -0.714286 0 -0.148148 -3.85714 0 0 -4.14881 7.9375 4.8 2.5 
-2432.69 1.75583 2.91667 -2.63374 0 5 -1.11111 0 0.25 0 -1.21032 0 -37.4198 0 0 -4.03996 0 -8.75 0 4.44444 -0.5 0 -285.778 0 2.65785 7.20679 2.16063 262.5 0 -2.97619 0 -3.08642 0 3.11111 0 -0.9 -3.01167e-19 2 0 0 0 41.15 0 -1.64352 0 0 0.992063 -0.888889 0 0 -2.22222 3.55952 1.97531 0 7.20679 18.8667 10.5 2.96296 -1.81217 2.66667 0 0 0 -2.83951 4.44444 0 5.35714 0 6.02679 -1.26852 0 -56.6 7.40226 -1.15741 56.5 0 11.6667 10.8102 -1.64352 1.25 1.73611 5 0 2.08333 -1.77778 0 0 -4.00446 1 44.5062 0 0 -0.800754 0 0 0 -4.146 0.625 -0.361111 -22.2222 
1285.25 -2.13333 -11.525 3.2 0 0 0.6 0 0 0 -2.04643 0 19.7333 6.5625 0 -16.572 0 34.575 0 -2.4 -5.25 0 272.97 0 -1.82095 -3.89167 -20.1313 -480.75 0 1.60714 -5.25 1.66667 0 -1.68 0 -0.872929 1.6263e-19 -1.08 0 0 0 -1.316 -0.375 -0.8 0 0 -0.535714 0.48 0 0 1.2 -1.92214 -2.4 0 -3.89167 -18.098 -11.32 -3.6 5.81667 -1.44 0 0 4.66667 5.86667 -2.4 0 -2.89286 0 -3.25446 4.07167 -0.0208333 54.294 -1.50816 0.625 -32.4 0.421875 -46.1 -5.96406 -0.8 0 -0.9375 -2.7 0 -1.125 0.96 -0.75 0 2.16241 0 3.73333 1.875 1 0.432407 0 5.25 0 13.6156 0 0.6 12 
541.607 0.190476 -0.236152 -0.285714 0 -0.714286 0 -0.47619 -24.6571 -0.375 0 0 9.02679 0 -0.165816 2.09221 0 0.708455 0 0.0535714 -0.685714 0 -2.025 0.75 0.00286596 0.0952381 9.90901 -6.60241 -2.89286 -2.95536 0 0 0 0 0.314626 -0.340714 0 5.0625 0 0 -1.37755 1.78826 0 4.5 0 0 1.07143 -0.0128968 0 0 0 0.0321429 0.214286 0 4.55952 0.135 0.0964286 0.205357 -1.48469 -0.567857 0 0 0 -0.0669643 0.0535714 0 0 0 0 -1.03929 0 -0.405 0.031746 0 -13.5 0 -0.0874636 0.142857 4.5 0 0 0 0 0 -4.5 0 0 -0.0361607 4.33929 -6.48214 1 -0.964286 -3.88161 -0.826531 -1.5873 0 -1.29379 2.18304 0.60119 -0.267857 
0 0 0 0 0 0 0 0 0 0 0 0 0 0 0 0 -1.33333 0 0 0 0 0 0 0 0 0 -2.25 0 0 1.25 0 0 0 0 0 0 0 0 0 0 0 0 0 0 0 0 0 0 0 0 0 0 0 0 0 0 0 0 0 0 0 0 0 0 0 0 0 0 0 0 0 0 0 0 0 0 0 0 0 0 0 0 0 0 0 0 0 0 0 0 0 1 0 0 0 0 0 -0.5 0 0 
4.44444 0.526749 -3.33333 -0.790123 0 0 -0.333333 0 0 0 0.333333 0 0.0740741 0 0 0 0 10 0 0 0 0 0 0 1.01164 0 0.0555556 0 0 0 0 0 0 0.933333 0 0 0 0.6 0 0 0 0 0 0.444444 0 0 0 -0.266667 0 0 -0.666667 0 0.592593 0 0 0 0 0.888889 0.15873 0 0 0 0 -0.851852 0 0 0 0 0 0.111111 0 0 0 0 0 0 -13.3333 0 0.444444 0 0 1.5 0 0 -0.533333 0 0 0 0 -0.148148 0 0 1 0 0 0 -0.888889 0 -0.0666667 0 
0 0 0.285714 0 0 0 0 0 0.75 0 0 0 0 0 0 0 0 -0.857143 0 0 -1.5 0 0 0 0 0 0 8.57143 0 0 0 0 0 0 0 0 -2.13333 0 0 0 0.5 -1.42857 0 0 0 0 0 0 0 0 0 0 0 0 0 0 0 0 -3.21429 0 0 0 0 0 0 0 0 0 0 -2.25 0 0 0 -0.533333 1.5 0 1.14286 0 0 0 0.8 0 0 0 0 0 0 0 0 0 0 0 0 1 0 -1.5 0 0 2.25 0 
0 0 0 0 0 0 0 0 0 0 0 0 0 0 0 0 0 0 0 0 -1 -0.166667 -23.5 0 0 0 0 0 0 0 0 0 0 -1 0 0.107143 0 0 0 0 0 6.75 0 0 0 0 0 0 0 0 0 0 0 0 0 1.5 0 0 1.42857 0 0 0 0 0 0 0 0 0 0 1 0.25 -4.5 0 0 0 0 0 0 0 0 0 0 0 0 0 0 0 0 0 0 0 0 0 0 1 0 0 0 0 0 
-818.889 0 -0.208889 0 0 0 -1.55952 0 -0.5 -0.333333 -0.015873 4.51746 -13.4444 -0.910847 1.21429 -2.26934 0 0.571111 0 1.1619 1 0 -121.943 0.666667 2.97901 2.25926 -0.261111 -5.6565 0 0.884039 0 0 0 0 0 1.13829 0 2.09286 0 0 0 37.6274 0 0 0 0 -0.555556 0.0944444 0 0 0 1.5 0 0 2.25926 8.52963 6.09259 0.85 1.81088 1.89714 0.5 0 0 4.16667 3.33333 1.42373 -1.59127 -2.4 -1.79018 1.26762 0 -24.3886 0.753086 0 17 0 -0.835556 3.55556 0 0 0 0 0 0 -2.49524 0.0714286 0 -1.6875 0 3.33333 2.22143 -0.0952381 -0.251029 0 0 1 -0.719444 0.75 -2.16667 -14.2095 
1737.1 -1.13778 1.57 1.70667 0 0 0.72 0 0 0 -3.45571 0 25.76 0 0 -2.63639 0 -4.71 0 -2.88 -6.3 0 151.164 0 -2.18514 -4.67 -6.9075 -114.9 0 3.03968 0 2 0 -2.016 0 -0.3618 1.95156e-19 -1.296 0 0 0 -25.6592 -0.45 -0.96 0 0 -0.642857 0.576 0 0 1.44 -2.30657 -1.28 0 -4.67 -9.9576 -5.184 -1.92 9.48 -1.728 0 0 0 1.84 -2.88 0 -5.47143 0 -6.15536 6.636 1.575 29.8728 -1.80979 0.75 -38.88 0.50625 6.28 -7.15688 -0.96 0 -1.125 -3.24 0 -1.35 1.152 -0.9 0 2.59489 0 0.32 2.25 1.2 0.518889 0 6.3 0 5.31375 0 0.72 14.4 
0 0 0 0 1 0 0 0 0.4 0 0 0 0 -10 0 -0.329218 0 0 0 0 -0.8 0 0 0 0 0.37037 -0.28125 0 0 0.875 0 0 0 0 0.166667 0.18 0 -2.53125 0 0 0 0 0 -2.25 0 0 0 0 0 0 0 0 0 0.833333 -2.25463 0 0 0 -1.71429 0.3 0 0 0 0 0.138889 0 0 0 0 -1.2 0 0 0.123457 0 0 0 0 0.555556 -2.25 0 0 0 0 0 2.25 0 0 0 0 0 -0.5 0 1.93801 0 0 0 0 1 1.17222 0 
210 0 0 0 0 0.428571 0 0 0 0 0 0.4 3.5 0 0 0 0 0 0 0 0 0 -35 0 0 0 0 0 0 0 0 0 0 0 0 0 0 0 0 0 0 10.5 0 0 0 0 0 0 0 0 0 0 0 0 0 2.33333 1.66667 0 -2.38095 0 0 0 0 0 0 0 0 0 0 -1.66667 0 -7 0 1 -5.25 0 0 0 0 0 0 0 0 0 0 0 0 0 1.5 3.85714 0 0 0 0 0 0 0 0 1 0 
-2041.59 2.70076 -27.781 -4.05115 0 0 -1.16667 0 0.714286 0 -5.44558 0 -41.7407 0 0 -18.1364 0 83.3429 0 4.66667 0 0 -193.9 0 2.87407 10.0106 -11.377 -277.714 0 7.34694 0 0 0 3.26667 0 1.68 11.4286 2.1 0 0 0 104.456 0 1.55556 0 0 -2.44898 -0.933333 0 0 -2.33333 0.595918 2.07407 0 10.0106 12.9267 8.4 4.55754 -0.777778 2.8 0 0 0 -2.98148 4.66667 0 -13.2245 0.533333 -14.8776 -0.544444 0 -38.78 3.33686 2.85714 63 0 -111.124 15.0159 1.55556 0 -4.28571 5.25 0 -5.14286 -1.86667 0 0 -0.670408 0 -0.518519 -0.533333 0 -1.11229 0 0 2.25 1.22817 0 -1.16667 -20.4667 
